A = [ 1, 1, 2; 3, 5, 8; 13, 21, 34 ];
X = [1, 3, 2];
X
X'
Y = [1; 3; 2];
B = rand (3, 2);
C = [1, 6, 3; 2, 7, 4]
D = [2, 7, 2; 7, 3, 9]

A' * A
